0 0
0 -1
0 0
0 0
0 2
0 3
0 4
0 4
0 0
0 -1
0 -1
0 -1
0 -1
0 -1
0 -1
0 -1
0 -1
0 -1
0 -1
0 -2
0 -1
0 1
0 4
0 4
0 4
0 4
0 3
0 3
0 3
0 4
0 4
0 1
0 -1
0 -1
0 -1
1 -3
1 -3
2 -9
2 -9
2 -10
0 0
0 0
0 0
0 3
0 2
0 2
0 3
0 4
5 0
0 0
0 -1
0 -1
0 -1
0 -1
0 -1
0 -1
0 -1
0 -1
0 -1
1 -1
0 -1
21 -4
0 4
0 4
0 4
0 3
0 3
0 3
0 3
0 4
0 4
0 0
1 -1
2 -1
3 -1
1 -3
1 -3
1 -8
2 -9
2 -10
0 0
0 0
0 0
0 2
-7 2
0 2
0 3
0 4
-24 -1
0 0
0 -1
0 -1
0 -1
0 -1
0 -1
0 -1
0 -1
0 -1
1 -1
1 -1
0 -1
8 -4
0 4
0 4
0 4
0 3
0 3
0 3
3 3
0 4
0 4
1 0
1 -1
1 -1
1 -1
1 -3
1 -3
3 -10
-21 -8
3 -10
0 0
0 0
0 3
0 2
-3 2
0 3
0 4
0 4
4 0
7 0
0 -1
0 -1
0 -1
0 -1
-10 -1
12 -23
0 0
0 -1
1 -1
1 -1
0 -1
0 4
0 3
11 2
0 3
0 3
0 3
0 3
0 3
0 3
0 4
1 0
1 -1
1 -1
1 -1
1 -3
1 -3
3 -10
3 -2
3 -9
0 4
0 0
0 0
0 2
0 2
0 2
0 4
0 4
-8 0
10 0
17 16
0 -1
0 -1
0 -1
0 -1
0 -1
0 0
0 -1
1 -1
1 -1
0 -1
-1 4
0 4
-4 3
0 3
0 3
0 3
0 3
0 3
0 3
0 3
1 0
1 -1
1 -1
1 -1
1 -3
1 -3
1 -9
3 -9
9 -10
0 0
0 0
0 0
0 0
0 2
0 2
0 2
0 4
-24 -1
1 0
0 -1
0 -1
0 -1
0 -1
0 -1
0 -1
0 0
1 -1
1 -1
1 -1
1 -1
-1 4
0 4
0 3
0 3
0 3
0 3
0 3
0 3
0 3
0 3
1 0
1 -1
1 -1
1 -1
1 -3
1 -3
1 -9
3 -9
6 -10
0 0
0 0
0 0
0 0
0 2
0 2
0 2
0 4
0 0
0 -1
0 -1
0 -1
0 -1
0 -1
0 -1
0 -1
0 0
1 -1
1 -1
1 -1
1 -1
8 -3
0 3
0 3
0 3
0 3
0 3
0 3
0 3
0 3
0 3
1 -1
1 -1
1 -1
1 -1
2 -3
1 -3
0 -9
2 -10
9 -10
0 0
0 0
0 0
0 0
0 2
0 2
0 2
0 4
-4 0
0 -1
0 -1
0 -1
-1 -1
1 -1
1 -1
1 -1
1 -1
1 -1
1 -2
1 -5
1 -1
-1 -1
0 4
0 3
0 3
0 3
0 3
0 3
0 3
0 3
0 3
1 -1
1 -1
1 -1
1 -1
2 -3
2 -3
3 -9
3 -9
3 -9
0 0
0 0
0 0
0 0
0 3
0 2
0 2
0 4
-24 -1
0 0
0 -1
0 -1
-17 -1
1 -5
1 -5
1 -7
1 -5
1 -4
1 -4
1 -4
1 -4
0 -1
0 4
0 3
0 3
0 3
0 3
0 3
0 3
0 3
0 3
1 -1
1 -1
1 -1
1 -1
2 -3
2 -3
3 -9
3 -10
3 -10
0 0
0 0
0 3
0 0
0 2
0 2
0 2
0 2
0 0
1 0
0 -1
0 -1
1 -1
17 -4
1 -5
1 -5
1 -5
2 -4
1 -4
1 -4
1 -1
0 0
0 3
0 3
0 3
0 3
0 3
0 3
0 3
0 3
0 3
1 -1
1 -1
1 -1
1 -1
2 -3
2 -3
3 -9
3 -10
3 -10
0 0
0 0
0 0
0 0
0 2
0 2
0 2
0 2
2 0
7 0
0 -1
0 -1
1 -1
16 -4
1 -5
-2 -5
1 -5
2 -5
1 -4
1 -4
1 -1
0 -1
0 1
0 1
0 3
0 2
0 2
0 2
0 2
0 3
1 0
1 -1
1 -1
2 -1
1 -1
2 -3
2 -3
3 -9
3 -10
3 -10
0 0
0 0
0 0
0 1
0 1
0 1
0 2
0 2
0 0
5 0
0 -1
-3 -1
1 -1
13 -4
-15 -5
-1 -5
-1 -5
2 -5
1 -4
2 -4
1 -1
0 -2
1 2
1 1
0 3
0 2
0 2
0 2
0 2
0 3
0 1
1 -1
1 -1
1 -1
1 -1
2 -3
1 -8
3 -9
4 -9
4 -9
0 0
0 0
0 0
0 0
0 1
0 1
0 1
0 0
0 0
1 0
0 -1
0 -1
0 -1
11 -4
-18 -5
1 -5
-20 -5
1 -4
22 -4
1 -4
1 -1
1 -1
1 0
1 0
0 3
0 2
0 2
0 2
0 2
0 3
1 1
1 -1
1 -1
1 -1
1 -1
2 -3
1 -19
4 -9
4 -9
4 -9
0 0
0 0
0 0
0 0
0 1
0 1
0 1
1 1
0 0
1 0
0 -1
0 -1
1 -1
-22 -5
-13 -5
2 -5
-11 -5
2 -4
2 -4
2 -4
1 -1
1 -1
1 0
4 -12
0 3
0 2
0 2
0 2
1 -4
1 -4
1 1
1 -1
1 -1
1 -1
1 -1
2 -3
7 -19
4 -9
4 -9
4 -9
0 0
0 0
0 0
0 0
0 1
0 1
0 1
0 5
1 -3
1 -2
1 -1
1 -1
1 -1
0 16
-19 -5
2 -5
2 -5
3 -8
4 -14
4 -14
4 -14
4 -14
4 -13
4 -13
4 -13
4 -13
4 -13
4 -13
3 -6
2 -5
2 1
4 -12
4 -12
4 -12
4 -12
2 -3
4 -9
4 -9
4 -9
4 -9
0 0
0 0
0 0
0 0
-1 -2
1 -2
1 -3
1 -3
1 -3
1 -3
1 -3
1 -3
1 -3
10 -4
24 -4
-22 -5
4 -15
4 -15
4 -14
4 -14
4 -15
4 -15
4 -14
4 -14
4 -14
5 -16
5 -14
5 -15
5 -15
5 -14
5 -14
5 -15
5 -14
5 -14
5 -14
5 -14
5 -13
5 -12
5 -13
4 -9
0 0
0 0
0 0
0 0
0 1
1 -2
1 -3
1 -3
1 -3
1 -3
1 -3
1 -3
1 -3
6 -4
-13 -5
8 -24
5 -16
5 -17
5 -17
5 -16
5 -17
5 -17
5 -17
5 -16
5 -16
5 -16
5 -16
5 -15
5 -16
5 -15
5 -15
5 -15
5 -15
5 -14
5 -14
5 -15
5 -13
5 -13
5 -13
6 -14
0 0
0 0
0 0
0 1
0 0
1 -2
1 -3
1 -3
1 -3
1 -3
1 -3
1 -3
1 -3
2 -4
-19 -5
5 -19
5 -20
5 -18
5 -18
5 -18
5 -18
5 -17
5 -16
5 -16
5 -17
5 -17
6 -19
6 -18
6 -18
6 -18
6 -17
6 -17
6 -17
6 -17
6 -17
6 -16
6 -16
6 -16
6 -16
6 -15
0 0
0 1
0 1
0 1
0 0
1 -2
1 -3
1 -3
1 -3
1 -3
1 -3
1 -3
1 -3
2 -4
-5 -24
6 -20
6 -19
6 -20
6 -20
6 -20
6 -20
6 -20
6 -20
6 -19
6 -19
6 -19
6 -19
6 -19
6 -19
6 -18
6 -18
6 -18
6 -18
6 -17
6 -17
6 -17
6 -17
6 -16
6 -15
6 -15
0 1
0 1
0 0
0 0
0 0
1 -2
1 -3
1 -3
1 -3
1 -3
1 -3
1 -3
1 -3
2 -4
-5 -24
6 -21
6 -21
6 -21
6 -21
6 -20
6 -21
6 -21
6 -20
6 -19
6 -19
6 -19
6 -20
7 -20
7 -21
7 -20
7 -20
7 -19
7 -20
7 -20
7 -19
7 -19
7 -19
7 -19
6 -15
7 -17
0 1
0 1
0 1
0 1
1 -3
1 -2
1 -3
1 -3
1 -3
1 -3
1 -3
1 -3
1 -3
2 -4
-15 -24
6 -21
6 -21
6 -21
6 -20
6 -20
6 -21
7 -21
7 -21
6 -20
7 -20
6 -19
7 -20
7 -20
7 -21
7 -20
7 -20
7 -20
7 -20
7 -20
7 -20
7 -19
7 -19
7 -18
7 -17
7 -17
0 0
1 -2
1 -1
1 -1
1 -2
1 -2
1 -3
1 -3
1 -3
1 -3
1 -3
1 -3
1 -3
2 -4
-8 -24
6 -20
6 -21
6 -21
6 -20
6 -20
6 -21
7 -21
7 -21
7 -22
7 -20
6 -18
7 -20
7 -20
7 -20
7 -20
8 -20
-6 -19
7 -20
7 -20
8 -20
7 -19
7 -19
7 -18
7 -17
7 -17
0 0
1 -2
1 -2
1 -2
1 -2
1 -2
1 -3
1 -3
1 -3
1 -3
1 -3
1 -3
1 -3
2 -4
-24 -24
7 -20
6 -21
6 -21
6 -20
6 -20
6 -21
7 -21
7 -21
7 -21
7 -20
7 -19
7 -20
7 -20
7 -20
7 -20
6 -19
7 -19
13 -20
7 -20
8 -20
8 -21
4 -8
7 -17
7 -17
7 -17
0 1
1 -3
1 -3
1 -3
1 -3
1 -2
1 -3
1 -3
1 -3
1 -3
1 -3
1 -3
1 -3
2 -4
-10 -17
7 -20
6 -21
6 -21
6 -20
6 -20
7 -20
7 -21
7 -20
7 -20
7 -20
7 -19
7 -20
7 -20
7 -20
7 -20
7 -19
7 -19
7 -20
8 -20
8 -20
8 -20
8 -19
7 -18
7 -17
7 -17
0 1
1 -3
1 -3
1 -3
1 -3
1 -3
1 -3
1 -3
1 -3
3 -9
1 -1
3 -9
3 -9
6 -4
0 -18
7 -20
7 -21
7 -21
7 -20
7 -20
7 -20
7 -21
7 -20
7 -20
7 -20
7 -19
7 -20
7 -20
7 -20
7 -20
7 -19
7 -19
16 -20
8 -20
8 -20
8 -19
5 -11
3 -5
8 -19
7 -16
0 0
1 -3
1 -3
1 -3
1 -3
1 -3
1 -3
3 -10
3 -10
3 -10
3 -10
-1 -17
-2 -19
-3 -21
1 -14
-23 -4
7 -21
7 -21
7 -20
7 -20
7 -20
7 -21
7 -20
7 -20
7 -19
7 -19
8 -20
7 -20
7 -20
8 -20
7 -19
8 -19
-7 -19
8 -20
8 -20
8 -19
8 -19
8 -18
8 -17
7 -16
-6 0
1 -3
1 -3
1 -3
1 -3
1 -3
1 -2
3 -10
4 -10
3 -11
4 -10
4 -12
3 -11
4 -10
4 -10
7 -20
7 -21
7 -20
7 -20
7 -20
7 -20
7 -21
7 -20
7 -20
7 -19
7 -19
7 -19
8 -20
8 -20
8 -20
7 -19
8 -19
-8 -19
8 -20
8 -19
8 -19
7 -16
8 -18
-1 5
7 -15
0 0
1 -3
1 -3
1 -3
1 -3
1 -3
1 -3
3 -10
3 -10
3 -11
4 -11
4 -11
4 -10
4 -10
4 -10
7 -20
7 -20
7 -20
7 -20
7 -20
7 -20
7 -21
7 -20
7 -19
7 -19
7 -19
7 -19
8 -20
8 -20
8 -20
7 -19
8 -19
-2 -19
8 -20
8 -19
8 -19
8 -18
8 -18
8 -17
8 -17
0 0
1 -3
1 -3
1 -3
2 -5
2 -5
2 -5
3 -10
4 -10
4 -10
4 -11
4 -11
4 -10
4 -10
4 -10
14 -18
8 -18
7 -20
7 -19
7 -20
7 -20
7 -20
7 -20
7 -19
7 -19
7 -18
8 -19
8 -20
8 -20
8 -20
8 -19
8 -19
-2 -19
8 -20
8 -19
8 -18
8 -18
8 -17
8 -17
9 -19
0 0
0 -3
0 -3
0 1
0 1
0 9
0 1
0 -10
0 -10
0 -11
0 -11
0 -11
0 -10
0 -10
0 -10
0 -2
0 -18
0 -19
0 -19
0 -19
-5 -20
0 -20
0 1
0 0
-9 22
-24 -19
0 -18
0 -24
-1 3
0 -10
-17 -18
0 -19
-23 -18
-13 -19
0 -19
-3 8
-2 6
-2 6
0 1
0 0
[[[  0.   0.]
  [  0.  -1.]
  [  0.   0.]
  ...
  [  2.  -9.]
  [  2.  -9.]
  [  2. -10.]]

 [[  0.   0.]
  [  0.   0.]
  [  0.   0.]
  ...
  [  1.  -8.]
  [  2.  -9.]
  [  2. -10.]]

 [[  0.   0.]
  [  0.   0.]
  [  0.   0.]
  ...
  [  3. -10.]
  [-21.  -8.]
  [  3. -10.]]

 ...

 [[  0.   0.]
  [  1.  -3.]
  [  1.  -3.]
  ...
  [  8. -18.]
  [  8. -17.]
  [  8. -17.]]

 [[  0.   0.]
  [  1.  -3.]
  [  1.  -3.]
  ...
  [  8. -17.]
  [  8. -17.]
  [  9. -19.]]

 [[  0.   0.]
  [  0.  -3.]
  [  0.  -3.]
  ...
  [ -2.   6.]
  [  0.   1.]
  [  0.   0.]]]
(30, 40, 2)
